#type       avg     std     min      p5     p10     p50     p67     p75     p80     p85     p90     p95     p99    p999   p9999      QPS   target       ts_start         ts_end
read      216.5    75.3   118.1   159.8   167.2   209.0   229.1   240.3   248.9   258.5   271.1   291.3   339.9   549.5  3043.5  30032.7    30000  1745428106497  1745428116644
read      238.5   205.3   118.1   156.8   164.8   209.1   232.2   246.5   256.6   270.0   288.6   323.5  1055.5  2764.6  6171.3  30010.8    30005  1745428118154  1745428128279
read      234.0   223.6   118.1   152.1   160.1   201.6   224.3   237.2   248.1   260.8   277.8   314.2  1240.6  3115.3  6337.2  30020.9    30010  1745428129791  1745428139893
read      241.5   238.6   118.1   157.4   164.6   205.1   227.6   240.7   251.2   264.6   283.0   321.0  1368.4  3254.6  6318.4  30068.9    30015  1745428141404  1745428151504
read      238.4   240.3   127.6   156.2   163.6   202.1   223.2   234.8   244.9   256.0   272.5   308.9  1426.7  3236.1  6272.2  30054.4    30020  1745428153015  1745428163115
read      239.3   247.5   118.1   154.5   162.4   202.0   223.5   235.3   245.6   256.9   273.3   310.8  1406.6  3316.8  6323.4  30003.0    30025  1745428164624  1745428174723
read      244.2   261.2   127.6   159.3   165.8   205.8   226.7   238.5   248.5   260.1   275.1   312.0  1486.5  3335.6  6323.7  30102.4    30030  1745428176234  1745428186335
read      240.6   250.9   118.1   156.4   164.0   203.9   225.2   236.7   246.9   258.1   273.7   308.7  1421.1  3322.7  6295.9  29988.8    30035  1745428187846  1745428197944
read      239.7   248.2   118.1   155.8   163.5   203.3   224.7   236.5   246.9   258.6   274.5   311.8  1390.0  3273.7  6385.2  29988.7    30040  1745428199454  1745428209552
read      241.8   239.5   118.1   156.4   164.2   206.2   228.8   242.2   252.3   265.8   284.0   321.1  1303.1  3227.0  6377.1  30066.6    30045  1745428211063  1745428221162
read      241.3   248.0   118.1   157.0   164.2   203.6   224.9   236.7   247.0   258.4   274.1   310.8  1466.6  3287.6  6267.1  30105.4    30050  1745428222673  1745428232773
read      238.4   255.4   118.1   154.4   162.6   201.4   222.2   234.0   243.8   254.6   271.2   305.6  1367.9  3336.2  6380.3  30037.5    30055  1745428234284  1745428244385
read      236.8   237.0   118.1   155.3   162.9   201.5   222.6   234.4   244.4   255.3   272.2   307.3  1304.5  3237.9  6295.3  30056.3    30060  1745428245896  1745428255997
read      239.9   244.6   118.1   156.1   163.9   203.6   224.6   236.0   246.5   257.9   273.5   309.3  1398.1  3273.9  6291.9  29980.7    30065  1745428257510  1745428267610
read      241.1   243.7   118.1   156.1   164.2   205.6   226.8   238.8   248.6   260.3   275.4   313.3  1394.2  3278.1  6368.0  30085.7    30070  1745428269121  1745428279221
read      239.2   242.8   118.1   156.0   163.6   203.3   224.9   236.8   247.2   258.7   274.2   309.0  1412.5  3189.2  6279.4  30019.6    30075  1745428280732  1745428290832
read      215.8    68.9   118.1   158.0   166.1   208.7   228.8   240.0   248.5   258.1   270.7   290.6   339.8   590.4  2739.7  30069.2    30080  1745428292343  1745428302443
