Timestamp start: 1747265176814
Timestamp end: 1747266077065

#type       avg     std     min      p5     p10     p50     p67     p75     p80     p85     p90     p95     p99    p999   p9999      QPS   target
read      159.2    87.1    59.1    88.6    99.6   153.5   171.7   182.2   189.5   199.0   212.4   234.0   293.8  1061.7  2133.0   8098.4     8195
read      275.8   313.7    54.7   102.4   116.7   207.3   255.6   284.6   306.8   335.4   378.8   524.3  1571.3  3378.0  7391.1 158080.2   158594
read      192.9   137.8    54.7    91.3   101.6   169.5   208.5   232.7   251.7   273.5   301.6   343.3   451.7  2078.3  3828.6 149671.8   149766
read      163.6    77.4    59.1    90.3   102.9   159.3   178.8   189.5   197.6   207.4   220.5   243.6   296.3   628.5  2166.1  10413.2    10382
read      305.2   299.5    59.1   114.8   133.0   236.5   289.4   321.7   347.5   381.2   430.3   674.6  1552.9  2751.3  7061.2 170501.0   170548
read      189.1   103.3    54.7    92.0   102.1   168.7   207.5   231.8   250.5   272.4   300.0   341.3   429.1  1072.0  3198.1 150519.8   150565
read      188.1   111.0    54.7    88.7    98.4   165.8   206.5   232.3   252.2   274.7   303.1   343.4   433.1  1398.1  2622.3 137044.6   137144
read      187.8    99.6    54.7    89.9    99.8   167.6   207.4   232.4   251.6   273.8   301.9   341.9   424.1   986.6  2935.7 143626.0   143496
read      186.9   103.7    54.7    89.8    99.9   166.9   205.9   230.7   249.6   271.7   299.3   339.9   421.7   813.2  3250.7 145139.2   144743
read      186.3    95.2    50.7    85.4    94.8   164.2   209.1   237.6   259.0   282.3   310.2   348.3   426.7   638.1  2605.8 116492.8   116745
read      186.4   106.8    50.7    88.1    97.6   165.1   206.7   233.3   253.7   277.0   305.6   345.2   425.0   699.8  2533.8 129065.0   129314
read      187.9   101.1    54.7    90.8   100.9   167.8   207.0   231.9   251.0   273.0   300.9   341.2   424.0   889.3  2673.5 144852.8   144723
read      190.8   116.2    54.7    87.1    96.5   168.1   213.2   240.9   261.7   285.1   313.7   355.7   446.9   915.5  2836.9 117316.0   117379
read      196.6    98.7    50.7    88.9    99.2   175.3   220.0   247.3   267.7   291.5   320.9   368.4   470.2   883.3  1737.6 120262.6   119931
read      187.3   109.8    50.7    87.8    97.3   165.0   206.8   233.4   254.0   277.5   306.4   346.1   429.2   849.0  3172.4 131983.8   132052
read      186.2    99.6    54.7    89.4    99.3   166.2   205.2   230.4   249.7   272.1   299.9   340.4   423.5   796.7  2825.6 143262.6   143350
read      186.8    94.3    54.7    90.3   100.4   167.2   206.4   231.2   250.5   272.8   300.5   341.1   421.7   725.5  2517.1 143682.4   143518
read      201.1   117.3    54.7    99.2   111.6   183.6   221.6   244.4   261.5   281.6   307.6   346.5   437.2  1003.3  4932.5 173313.4   172981
read      192.2   137.4    50.7    85.5    94.8   169.7   220.4   250.0   270.0   292.1   317.7   354.9   427.2   643.8  4004.2  94044.8    94027
read      200.7   190.2    54.7    99.1   111.2   180.5   217.0   238.7   255.2   274.4   299.6   338.7   427.5  2725.1  7114.3 170140.8   170019
read      202.9   105.0    54.7   102.2   114.8   187.0   223.9   245.6   261.9   281.2   306.5   344.5   433.0  1016.0  3127.9 178749.4   179090
read      200.9    87.5    50.7    86.0    96.4   194.6   236.0   258.3   273.4   291.5   314.1   346.5   416.7   575.9  1290.0  47245.2    47130
read      188.5    91.5    54.7    87.8   100.4   184.1   213.9   230.0   241.5   254.3   271.1   296.1   356.2   784.2  2978.9  19622.8    19439
read      243.2   229.2    50.7    91.3   102.3   180.8   228.4   261.1   287.3   321.2   381.8   675.0  1329.2  1971.6  2866.3 129059.6   128963
read      189.6    72.9    54.7    90.9   104.0   186.9   214.6   229.9   241.1   254.2   271.3   296.2   355.9   604.9  2060.1  23710.4    23787
read      222.0   128.0    50.7    82.9    92.5   200.4   263.1   298.0   321.4   346.3   374.8   418.2   523.5  1193.1  2569.4  61824.0    61848
read      194.9   124.0    50.7    84.0    93.5   166.7   217.0   248.8   271.2   296.0   327.3   374.7   507.1  1335.2  3113.4 101872.2   101968
read      187.2    94.0    50.7    84.8    94.2   165.0   211.8   241.1   262.4   285.7   313.2   351.8   428.0   633.8  1686.0 108524.8   108767
read      191.1   111.4    50.7    85.3    94.7   169.0   218.4   248.0   268.1   290.3   316.5   354.6   431.1   624.4  4152.7  97004.4    97139
read      190.7   110.4    50.7    93.9   104.2   171.7   209.6   232.6   250.4   271.2   297.7   338.2   423.1   988.9  4646.6 158571.2   158594
read      189.4   126.4    50.7    89.6    99.6   167.3   207.2   232.5   251.9   274.1   302.4   342.9   430.3  1603.6  4049.3 141108.6   141240
read      203.0    89.2    50.7    88.5    99.8   198.1   236.3   257.1   270.9   287.7   308.8   340.3   409.8   639.6  2144.1  41520.6    41405
read      218.6   116.5    50.7    82.9    92.5   201.2   260.4   292.8   314.9   338.8   366.5   404.0   493.8  1066.0  1972.0  58023.4    57997
read      216.3   192.7    54.7    89.3    99.7   172.8   217.1   245.4   267.4   293.7   328.9   397.7  1247.4  1798.4  3261.9 133720.6   133577
read      201.0    96.2    50.7    85.9    96.0   192.6   236.5   259.3   274.5   293.1   316.6   353.7   429.2   752.9  1460.5  53922.2    53832
read      227.4   234.3    54.7    91.1   102.0   177.5   221.4   248.3   268.5   292.7   325.4   392.0  1447.3  2356.2  3702.5 140134.2   139832
read      199.1   107.7    54.7    98.4   110.6   181.3   218.6   241.3   258.5   278.7   305.1   345.1   441.1  1219.5  3403.4 170358.4   170515
read      187.3   105.7    50.7    87.4    96.9   165.3   206.9   233.1   253.6   277.0   306.0   346.2   430.3  1030.1  3072.3 128741.0   128494
read      184.4    74.0    54.7    89.7   102.5   181.0   207.5   221.9   232.4   245.7   262.7   288.6   345.2   626.4  2143.6  20823.8    20789
read      222.3   138.0    50.7    83.4    93.2   200.5   263.7   298.7   322.2   347.5   377.5   420.3   512.2  1077.0  3367.4  63449.8    63647
read      223.2   164.2    50.7    82.4    92.0   198.3   262.1   297.4   321.4   347.2   377.7   421.5   528.5  1529.0  7047.1  64781.8    64802
read      222.4   153.3    50.7    82.9    93.1   202.1   260.7   292.4   313.9   337.5   365.2   403.6   518.4  1879.7  5172.0  55699.2    55719
read      259.9   240.9    54.7   108.5   123.7   214.0   257.1   282.7   302.3   328.7   370.2   465.0  1449.6  2646.9  5761.4 173984.4   174179
read      189.5    94.5    50.7    85.3    94.8   166.9   213.7   243.2   264.7   288.4   316.6   356.7   436.7   730.5  2001.4 106566.2   106356
read      232.0   172.7    50.7   107.7   122.1   207.4   251.7   277.8   297.0   320.1   350.4   399.0   526.4  3078.9  5268.8 178963.2   178750
read      190.6   156.5    50.7    85.7    95.1   167.2   214.5   243.9   265.3   288.9   316.5   356.1   436.0   760.3  2129.1 106007.4   105831
read      188.2    95.8    50.7    85.5    95.0   166.0   211.6   240.1   261.8   285.5   313.4   353.4   433.8   643.8  2544.3 110753.2   110667
read      157.1    88.5    54.7    88.6    99.3   152.2   170.0   180.5   187.7   198.0   211.3   233.0   290.0   726.1  2674.9   8811.0     8803
read      213.9   109.2    46.9    83.7    94.0   200.0   253.2   281.3   299.9   320.3   344.7   381.1   466.3  1056.5  2039.8  45668.4    45662
read      204.7    89.7    50.7    86.9    98.8   197.8   239.4   261.2   275.2   291.8   311.9   341.5   405.7   721.5  1575.2  30876.0    30867
read      213.3   102.9    50.7    83.7    94.1   200.8   253.9   282.1   300.4   320.6   345.0   379.9   455.7   781.1  2092.5  45701.4    45656
read      198.8   125.9    54.7    85.1    94.7   169.1   220.1   252.5   275.3   301.9   335.5   389.3   529.4  1496.6  2965.9 100675.6   100938
read      186.4    94.0    54.7    87.9    97.7   166.3   207.0   232.5   252.5   275.2   304.0   343.9   422.1   709.6  2441.5 132309.4   132360
read      207.1   138.2    50.7    83.7    93.5   185.5   238.8   268.0   288.2   311.8   342.3   390.1   490.8  1686.8  4054.8  67671.0    67591
read      204.9   113.4    50.7    84.7    95.9   195.5   238.7   261.9   276.7   293.9   314.8   345.5   423.8  1053.0  3484.5  34096.8    33910
read      201.5   127.5    46.9    84.8    94.5   174.8   229.1   260.3   281.6   305.8   336.4   384.5   503.2  1425.1  3903.3  85665.0    85729
read      165.7    66.3    50.7    89.2   101.1   161.1   181.8   193.5   201.8   213.3   227.7   251.2   312.6   655.2  1961.8  12982.6    12884
read      211.3    98.4    50.7    83.1    93.1   198.7   252.1   280.4   298.7   318.5   342.6   377.1   451.5   734.1  1316.0  45670.4    45621
read      207.2    95.3    50.7    84.5    95.9   198.4   245.1   269.1   285.0   302.5   322.9   354.6   422.8   687.3  2164.7  36879.8    36938
read      222.1   137.8    50.7    83.3    93.2   202.1   262.4   295.9   317.7   341.7   369.5   408.4   504.4  1244.7  3914.4  56852.2    56902
read      200.7   120.2    50.7    85.9    95.5   170.3   221.7   254.2   277.7   305.6   341.4   400.5   551.8  1096.5  2608.1 102328.2   102243
read      169.4    59.2    54.7    89.4   102.2   166.3   187.3   199.5   208.4   218.1   232.6   257.4   313.2   615.1  1534.6  14120.6    14085
read      202.4   125.2    50.7    85.3    95.0   172.9   226.6   258.9   281.9   308.9   342.1   395.1   527.7  1539.9  3116.4  93970.2    94103
read      203.9   101.0    50.7    84.6    94.6   191.4   240.4   266.8   284.8   305.2   330.7   369.0   446.2   614.4  2644.3  58284.6    58175
read      275.2   308.9    54.7    99.4   113.3   204.1   254.2   283.6   306.1   335.8   386.7   590.4  1582.4  3312.9  7369.0 151347.8   151312
read      194.1   102.5    50.7    85.5    95.0   174.4   225.7   253.5   272.4   293.3   317.9   353.4   427.5   699.2  2315.8  83409.0    83333
read      195.0   107.4    54.7    96.5   108.4   178.3   215.2   236.9   254.0   273.6   298.6   337.2   419.4   956.9  4176.7 164963.8   165153
read      187.9    98.1    50.7    87.2    96.8   166.6   208.6   234.6   255.1   278.7   307.8   347.9   432.7   906.3  2357.2 124011.8   123975
read      191.1    87.3    50.7    88.9   100.8   187.4   217.5   233.6   246.1   260.5   278.0   306.3   367.5   641.6  2728.5  28564.6    28449
read      175.6   101.8    50.7    87.9   100.2   170.0   195.4   209.3   219.0   231.4   247.7   272.2   334.4   635.6  4320.4  14944.4    14903
read      201.8    84.8    50.7    87.5    98.6   194.7   235.6   257.7   271.5   287.5   307.2   337.1   402.0   676.2  1979.4  31140.6    31189
read      213.5   104.4    50.7    86.4    97.1   202.1   252.2   278.5   295.9   314.9   338.0   370.2   441.0   930.0  2160.7  40789.0    40636
read      203.9   118.5    50.7    85.0    94.8   178.8   233.9   265.2   286.5   310.7   340.7   389.4   503.5  1240.7  2804.1  80470.8    80574
read      198.2   115.7    54.7    98.2   110.4   181.0   217.8   239.7   256.7   276.6   302.4   341.4   427.9  1256.7  4588.0 168820.4   168820
read      193.9   100.4    46.9    96.2   107.6   176.9   213.8   235.8   253.3   273.3   298.8   337.4   417.7  1031.2  2972.7 162517.6   162621
read      190.6    97.2    46.9    85.5    95.0   168.7   216.4   244.8   265.9   289.4   316.8   356.6   435.0   735.5  2516.6 101455.4   101621
read      202.8    99.8    50.7    85.0    95.0   190.1   238.5   264.2   281.8   301.9   327.7   366.5   445.4   773.5  2030.8  58711.8    58592
read      292.9   321.0    50.7   102.2   117.5   215.3   267.4   297.7   320.9   353.0   404.8  1041.8  1602.7  2791.0  7230.9 152692.6   153042
read      190.4   117.1    50.7    86.6    96.0   167.5   212.8   240.2   261.4   285.2   313.4   353.3   433.8   894.5  3674.9 112341.0   112238
read      194.3   109.1    50.7    95.6   106.8   176.3   213.9   236.0   253.8   274.3   300.5   339.9   426.0  1194.4  2985.7 160509.8   160265
read      203.1    94.2    50.7    85.3    95.3   191.6   239.4   264.5   281.4   300.9   325.6   364.3   444.4   685.6  1634.0  57092.2    57109
read      205.2   132.6    50.7    85.1    94.8   175.7   231.4   264.0   286.9   313.1   346.4   401.9   532.9  1422.2  3211.3  88273.8    88551
read      152.6    59.4    54.7    85.9    96.7   148.4   166.2   176.2   183.9   193.5   206.1   227.7   290.0   662.7  1857.5   8439.4     8385
read      205.1   100.0    50.7    84.7    96.4   196.7   240.3   264.0   279.4   296.3   317.0   345.9   417.5   712.3  2282.6  34117.8    34088
read      214.0   171.0    50.7    87.5    97.4   172.3   221.9   254.8   281.7   314.9   363.2   467.1   739.5  1837.8  4772.7 113388.4   113600
read      189.1   103.1    50.7    88.5    98.4   167.9   209.0   234.3   254.4   277.9   306.8   347.6   432.5  1091.2  2853.8 131967.6   131842
read      188.5    98.2    50.7    86.1    95.6   166.6   211.6   239.5   260.9   284.7   312.9   352.3   431.0   815.7  2419.3 112369.8   112066
read      203.0   108.1    50.7    84.5    94.4   182.2   235.8   265.7   285.9   308.8   337.8   384.0   477.8   934.2  1936.5  72573.0    72585
read      235.9   260.2    50.7    90.8   102.0   181.7   228.4   257.4   279.1   305.8   342.1   422.6  1474.1  2696.5  7002.5 133541.8   133669
read      168.8   158.8    50.7    89.9   102.6   161.9   181.6   192.9   201.0   211.6   224.9   247.7   305.2  1005.1  7000.8  11836.6    11820
read      161.0    60.8    54.7    85.0    98.2   158.1   178.3   189.6   198.3   208.7   221.7   245.0   296.0   606.8  1479.3  12641.6    12639
read      198.1   109.0    46.9    86.8    96.5   168.9   217.8   249.6   273.7   303.0   340.3   399.6   536.9   733.6  1091.1 118340.2   118548
read      199.8    88.8    54.7    98.4   110.4   183.7   223.7   247.5   265.2   285.8   311.6   348.9   427.5   578.5  2796.6 165785.2   165754
read      190.1    91.8    46.9    85.7    95.1   171.9   220.6   246.7   265.2   286.0   311.7   347.4   417.6   512.9  1508.4  87061.4    86823
read      171.3    74.7    50.7    90.0   102.4   168.5   191.0   202.8   212.3   223.0   236.4   260.4   311.3   600.3  2521.5  16933.0    16898
read      194.3   110.4    50.7    87.9    97.7   169.3   214.3   242.4   264.3   289.9   322.1   374.0   507.0   792.2  3686.3 122996.6   123124
read      205.6   112.5    50.7    85.9    95.9   184.6   238.3   267.8   288.0   310.9   339.6   385.6   492.1  1031.6  2905.2  72269.2    72278
read      215.4   198.4    50.7    86.8    97.4   202.3   248.1   273.5   291.5   312.2   338.2   377.0   462.1  1513.5 11175.7  47753.6    47757
read      226.4   134.3    50.7    84.1    94.2   202.9   267.2   303.1   327.8   355.7   389.2   434.6   531.8  1357.0  2743.8  60509.4    60510
read      201.6    87.9    50.7    87.0    99.4   195.5   232.7   253.7   268.0   284.0   303.6   334.3   399.9   615.5  1801.0  25216.4    25237
read      203.0   119.7    50.7    86.7    96.4   174.2   225.8   257.8   281.4   308.7   342.6   398.1   557.2   947.2  2832.7  97636.8    97783
read      193.3   140.9    50.7    87.7    97.5   171.1   215.5   242.4   263.2   287.4   316.5   359.2   443.4   960.0  3384.6 119029.0   118966
read      181.0    77.7    54.7    90.6   103.7   177.6   201.4   215.0   224.9   235.8   252.5   277.5   335.5   646.3  3035.0  16587.0    16631
read      174.9    79.8    54.7    88.9   101.9   170.4   194.4   207.8   217.0   228.4   243.2   268.3   324.4   638.9  3506.1  11670.8    11743
read      215.1   153.1    50.7    89.0    99.5   177.1   223.6   253.6   277.8   307.4   347.5   441.5   875.5  1379.7  2370.6 114990.8   115026
read      191.6    98.8    54.7    87.9    97.9   171.1   214.4   240.5   261.0   284.6   313.8   356.2   436.5   798.9  2875.8 122262.8   122371
read      157.0    56.5    59.1    88.5    99.6   154.0   171.5   181.5   188.4   198.1   210.9   231.7   288.7   633.0  1132.8   7264.6     7198
read      203.9   229.3    50.7    87.3    99.6   193.9   229.5   249.3   263.7   279.6   298.4   328.5   394.3   821.6 11111.0  24892.4    25022
read      286.7   276.2    54.7   107.2   123.9   227.0   280.3   312.5   338.1   372.1   427.2   550.6  1564.5  2686.1  7098.8 157226.2   157513
read      234.6   123.8    54.7   110.2   126.0   215.2   259.6   286.7   307.1   332.3   366.2   420.1   527.2   968.2  2648.8 172218.8   171975
read      204.5   103.9    54.7    98.0   110.4   186.6   227.2   251.1   269.1   290.4   317.2   359.7   458.0  1057.6  3056.2 154926.2   154918
read      193.4    93.2    54.7    91.8   102.4   175.0   215.5   239.5   258.5   280.7   308.9   349.4   432.0   898.7  1743.9 139478.4   139185
read      194.6    96.8    54.7    95.0   106.0   176.6   215.5   238.6   256.5   277.5   304.0   342.9   429.3   975.9  2801.7 152578.6   152724
read      187.1   142.7    50.7    90.7   104.4   180.2   205.5   219.7   230.1   242.6   259.6   287.1   354.7  1746.7  6293.9  20795.0    20845
read      236.7   259.3    50.7    91.5   102.7   179.4   221.9   247.2   266.6   290.6   324.4   427.2  1477.7  2371.0  5246.8 140556.6   140348
read      188.5    93.3    50.7    84.5    94.1   171.3   220.4   245.4   262.9   282.3   305.8   339.4   404.9   535.6  2895.1  88807.6    88725
read      181.9    93.5    54.7    86.3    96.0   162.5   201.9   227.1   245.6   267.7   294.7   333.4   409.3   775.2  2592.2 133881.4   134088
read      203.8   115.6    50.7    83.4    93.5   187.1   236.8   264.3   283.8   306.6   334.8   376.7   465.5  1010.4  2960.4  66161.8    66126
read      206.9   135.3    50.7    83.3    93.1   180.3   235.5   267.7   289.9   315.2   347.0   398.5   509.6  1481.4  3712.1  77954.8    78214
read      214.2   117.5    50.7    81.7    91.5   198.5   254.8   286.4   307.0   329.2   355.5   392.5   468.0  1018.8  3069.3  55212.4    55191
read      214.3   111.5    46.9    82.2    92.1   198.7   254.7   285.8   306.3   328.7   355.6   393.4   473.3   879.6  1922.0  54086.4    54081
read      205.5   176.2    50.7    85.5    95.3   167.9   216.9   249.1   273.7   303.8   343.5   418.1   637.9  1867.3  5994.2 112483.4   112478
read      202.1   100.1    54.7   102.3   115.1   187.6   223.9   245.1   261.1   279.7   304.2   341.1   422.5   864.3  3258.9 179796.8   179666
read      188.7   106.2    50.7    84.1    93.7   166.2   214.5   242.8   263.2   285.8   312.8   351.3   433.7   757.6  2951.8 100639.0   100584
read      184.2    90.7    54.7    86.2    95.8   163.4   204.6   231.2   251.0   274.4   303.6   343.6   423.7   670.3  2272.9 128196.6   127920
read      145.2    49.9    54.7    82.2    92.1   141.8   159.3   169.0   176.0   184.9   197.0   215.5   271.3   629.6  1253.8   6624.6     6594
read      202.1   215.4    50.7    90.6   103.8   191.7   225.6   243.3   256.1   271.7   290.8   318.3   384.2  1017.9  9878.9  24867.0    25020
read      276.4   362.0    50.7    92.3   104.4   193.2   243.0   273.3   296.3   325.2   370.2  1079.6  1672.1  3362.8 11385.4 129564.2   129587
read      166.4    67.5    59.1    88.8   102.0   163.9   183.5   194.2   201.5   212.1   225.4   247.3   304.2   626.8  1611.8  10255.8    10277
read      329.7   425.1    54.7   106.2   123.9   230.5   281.8   311.8   336.3   371.4   443.9  1284.4  1961.2  4579.2  7901.0 148302.8   148458
read      216.7   185.1    50.7    84.7    94.7   190.6   244.3   273.3   294.1   317.9   349.2   398.1   539.6  2800.1  5732.5  66307.0    66114
read      236.3   249.3    50.7    82.7    93.2   204.3   261.7   292.8   313.7   337.0   365.5   408.5   869.1  3750.6  7619.4  49106.4    49261
read      254.4   301.3    54.7    91.9   103.5   186.4   234.1   264.4   287.1   314.8   354.8   497.0  1602.2  3291.9  7248.6 133227.2   133049
read      191.9   103.3    50.7    86.0    95.5   168.1   215.9   245.1   266.8   291.2   319.9   363.0   456.7   798.3  2558.6 106607.2   106628
read      194.0    76.0    54.7    89.4   102.8   191.1   221.0   236.5   249.1   263.7   282.1   310.5   370.3   601.9  2312.2  23443.2    23498
read      201.6   133.4    50.7    85.1    94.9   170.2   221.3   253.5   277.5   305.9   342.2   402.6   556.3  1564.9  3092.8 103466.0   103564
read      197.4   104.9    54.7    96.0   107.5   179.3   217.5   240.3   258.0   278.9   305.9   345.5   442.3  1212.9  3088.9 161874.0   161774
read      194.5    78.8    50.7    88.9   100.9   191.9   225.5   242.5   254.6   269.6   288.3   315.5   373.8   502.5  1463.3  39047.2    39037
read      322.6   377.5    54.7   110.8   128.7   229.3   273.9   301.3   323.3   356.2   421.3  1306.2  1705.7  3592.9  7633.5 163609.2   163622
read      181.6    91.4    46.9    85.7    95.3   161.1   201.4   227.2   246.3   269.3   297.2   337.6   417.6   756.3  1614.1 132414.8   132405
read      183.4   101.5    50.7    86.0    95.6   161.8   202.6   228.7   248.1   271.2   299.6   340.7   429.0   797.1  3148.4 131494.8   131596
read      188.6    85.0    54.7    96.0   107.3   173.3   207.8   228.5   244.2   263.6   288.2   324.1   402.7   832.4  2168.0 174578.0   174543
read      194.4   103.6    50.7    86.5    96.1   174.7   224.7   252.3   271.8   293.4   319.0   356.2   426.3   610.9  3599.8  90474.8    90567
read      193.9   156.4    50.7    87.1    96.8   169.4   214.5   241.8   262.5   286.5   315.5   359.1   465.0  1136.9  7434.0 116366.2   116582
read      171.8    74.5    54.7    89.5   102.4   168.0   188.4   200.3   209.6   220.2   233.9   259.8   327.7   826.0  1721.4  13923.2    13888
read      220.0   167.9    50.7    89.1    99.6   175.3   222.3   253.4   279.0   312.3   361.8   508.9   922.9  1530.7  2845.1 119299.0   119224
read      215.1   190.2    54.7    95.5   107.1   183.0   225.5   251.2   270.7   293.9   324.3   378.0   746.7  2719.7  5526.4 156407.8   156471
read      187.6    80.9    54.7    95.4   106.1   171.5   207.1   229.5   246.3   266.5   291.4   327.7   403.4   669.5  1270.6 164160.0   164013
read      190.4    73.4    46.9    88.5   100.2   190.0   221.6   236.8   248.4   261.7   278.1   303.9   357.0   452.8  1284.4  41948.4    41909
read      180.5    82.5    50.7    85.9    95.6   162.0   203.2   229.3   247.8   268.7   293.4   328.2   395.9   543.4  1638.9 128213.6   128280
read      184.4    95.3    50.7    84.8    94.6   166.7   213.2   238.8   256.3   275.1   298.4   332.3   396.6   510.5  1840.7 107176.0   107066
read      190.5    97.3    46.9    87.8    98.8   189.1   222.2   237.8   249.5   263.2   280.2   307.5   364.6   486.5  3475.7  46116.0    46119
read      154.9    66.9    54.7    86.3    98.8   151.9   169.8   179.8   186.6   196.1   208.2   228.7   274.0   623.8  3349.5  10185.4    10227
read      159.2    50.0    54.7    87.3   100.9   157.3   175.4   185.0   192.6   201.2   214.0   233.6   287.9   631.0   892.3  10926.8    10870
read      182.0    86.8    54.7    89.8    99.7   163.8   201.3   226.0   244.3   265.8   291.1   326.0   395.7   606.9  2423.8 146388.4   146664
read      174.5    55.5    50.7    91.1   104.9   173.4   195.5   207.6   216.2   226.5   238.4   260.8   312.7   427.9   692.3  19866.4    19865
read      182.7    82.5    50.7    84.9    94.6   164.8   209.5   235.2   253.5   273.1   296.6   330.5   394.5   517.8  1071.6 113541.2   113409
read      192.9   283.3    50.7    85.0    95.2   181.1   224.9   244.8   258.7   274.4   294.4   323.3   389.7   525.6 22302.2  70654.8    70623
read      193.0   119.2    50.7    87.0    98.1   189.9   226.0   243.7   255.9   270.7   288.8   314.3   368.7   473.2  6804.0  52693.4    52633
read      184.4    89.5    50.7    84.3    94.2   167.0   214.1   239.6   257.1   275.8   298.8   331.7   393.3   492.4  1315.1 104473.0   104630
read      187.6    78.1    46.9    87.9    99.0   187.4   218.6   233.5   245.0   257.9   274.1   298.8   352.4   440.4   714.3  42249.2    42594
read      185.2    84.8    50.7    83.8    93.7   169.9   217.3   241.5   257.8   275.7   297.3   329.4   390.5   491.6  1351.7  95361.4    95196
read      191.6    85.5    46.9    87.0    97.8   189.3   225.2   242.5   254.6   269.2   287.1   313.0   367.8   486.4  3391.9  52292.8    52243
read      188.9    86.1    46.9    89.5   101.6   188.6   217.6   232.0   242.5   254.3   270.1   293.3   344.3   499.6  3834.0  37031.6    37031
read      190.2    84.7    50.7    89.2   101.0   190.0   220.2   234.9   246.3   259.0   274.9   300.0   352.5   471.9  2120.1  39820.0    39878
read      183.1    86.3    50.7    84.2    94.1   165.0   210.8   236.9   255.0   274.7   298.2   332.4   396.6   500.8   853.8 110719.4   110750
read      151.4    65.2    54.7    85.6    97.0   149.3   165.4   173.5   181.0   188.9   200.1   218.9   273.7   653.8  1952.9   8225.0     8231
read      191.2    80.3    50.7    86.7    97.1   186.0   226.9   245.5   258.4   273.2   292.1   318.8   376.3   469.9  1037.0  63349.0    63638
read      185.8    82.8    50.7    84.0    94.0   172.0   219.4   242.3   257.6   274.3   295.3   325.5   385.7   485.9  1201.7  90057.0    90167
read      191.1    73.7    46.9    87.7    98.7   190.0   224.0   240.1   252.0   266.4   284.6   312.1   370.4   495.8  1223.8  50566.6    50555
read      165.8    51.7    46.9    89.8   103.2   164.1   183.6   194.9   202.6   213.2   226.0   245.8   294.0   600.8   692.2  16044.2    15997
read      191.4   178.8    50.7    88.0    99.5   188.6   220.2   235.3   246.7   259.5   275.1   300.1   357.1   471.9 10902.0  43011.2    43089
read      162.6    70.5    54.7    88.0   102.1   160.8   179.5   189.2   196.8   205.4   217.3   235.5   284.8   649.1  2658.7  12190.0    12188
read      187.1    77.2    46.9    84.5    94.6   177.7   223.4   244.0   257.6   272.8   292.1   319.2   374.6   460.2   583.9  76598.4    76615
read      182.2    89.8    50.7    89.3    99.1   164.0   202.0   227.2   245.5   266.5   291.6   326.7   396.1   568.4  2381.5 143818.8   143480
read      192.5    89.6    46.9    86.8    97.4   186.7   228.3   247.4   260.6   275.2   294.0   320.3   373.1   468.0  1619.5  63758.0    63793
read      188.7    78.6    43.4    85.1    95.2   180.3   225.3   245.6   259.3   274.2   293.4   320.1   374.0   458.2   741.5  71875.0    71996
read      189.4    83.9    46.9    88.3    99.5   189.0   219.9   234.8   246.1   258.9   275.0   301.2   357.4   476.9  2499.7  41733.6    41778
read      182.7   240.9    54.7    91.7   104.9   176.6   198.7   210.9   219.1   230.1   244.3   267.6   319.5   685.7 11540.6  21730.6    21860
read      189.2    74.0    46.9    87.5    98.9   188.8   220.7   236.1   248.0   261.6   278.7   305.7   359.1   447.0   691.0  45487.8    45582
